
w=2*pi*915e6;
c=1.27e-12;
r=1.8e3;
z = 1 / ((1/1j*w*c)+(1/r))